13879759
13879539
13879062
13879432
13879466
13879488
13879289
13879034
13879720
13879570
13879277
13879540
13879176
13879523
13878982
13878967
13879473
13879189
13879151
13879422
13879225
13879254
13879036
13879770
13879119
13879468
13879111
13879464
13879213
13879375
13879008
13879383
13879251
13879261
13878997
13879292
13879574
13879041
13879048
13879395
13879346
13879462
13879571
13879405
13879495
13879298
13879621
13879594
13879061
13878981
13879701
13879624
13879587
13879529
13879248
13879250
13878985
13879051
13879414
13879232
13879076
13879441
13879194
13878987
13879093
13879288
13879390
13879484
13879222
13879431
13879686
13879236
13879110
13879506
13879478
13879373
13879379
13879286
13879489
13879549
13879427
13879366
13879295
13879044
13879797
13879311
13879559
13879018
13879443
13878972
13879421
13879283
13879233
13879027
13878978
13879368
13879671
13879299
13879268
13879199
13879136
13879010
13879301
13879589
13879300
13879727
13879217
13879730
13879091
13878994
13879679
13879258
13879689
13879492
13879272
13879212
13879565
13879674
13879021
13879614
13879253
13879602
13879658
13879595
13879424
13879460
13879182
13879149
13879214
13879282
13879501
13879349
13879634
13879337
13879728
13879556
13879552
13879204
13879542
13879723
13879097
13879040
13879281
13879790
13879577
13879604
13879455
13879448
13879693
13879221
13879226
13879118
13879353
13879744
13879440
13879747
13878970
13878984
13879290
13879717
13879588
13879564
13879230
13879336
13879022
13879039
13879085
13879297
13879766
13879712
13879646
13879343
13879100
13879683
13879386
13879045
13879157
13879403
13878971
13879046
13879382
13879344
13879256
13879150
13879605
13879416
13879561
13879781
13879673
13879215
13879071
13879398
13879242
13879606
13879428
13879739
13879260
13879670
13879135
13879074
13879015
13879068
13879425
13879123
13879518
13879653
13879638
13879078
13879786
13879303
13879456
13879651
13879618
13879771
13879235
13879305
13879186
13878966
13879665
13879264
13879471
13879803
13879636
13879287
13879319
13879037
13879011
13879608
13879412
13879064
13879527
13879496
13879426
13879211
13879543
13879430
13879659
13879007
13879252
13879263
13879125
13879490
13879499
13879200
13878979
13879359
13879163
13879732
13879322
13879092
13879147
13879320
13879399
13879509
13879284
13879714
13879397
13879567
13879796
13879596
13879131
13879032
13879229
13879054
13879532
13879680
13879611
13879106
13879323
13879185
13879029
13879148
13879783
13879369
13879756
13879384
13878996
13879745
13879748
13879533
13879678
13879737
13879548
13879137
13879514
13879746
13879434
13879059
13879083
13879079
13879394
13878977
13879503
13879348
13879196
13879067
13879143
13879014
13879321
13879777
13879107
13879515
13879787
13879433
13879512
13879094
13879764
13879721
13879105
13879531
13879084
13879145
13879599
13879623
13879231
13879695
13879511
13879672
13879613
13879306
13879313
13879341
13879593
13879449
13879408
13879661
13879241
13879098
13879339
13879640
13879476
13879197
13878999
13879004
13879698
13879134
13879338
13879333
13879546
13879179
13879507
13879630
13879138
13879445
13879114
13879109
13879166
13879740
13879121
13879718
13879493
13879697
13879374
13879372
13879774
13879275
13879417
13879357
13879296
13879675
13879173
13879702
13879765
13879622
13879411
13879778
13879656
13879169
13879694
13879304
13879170
13879767
13879642
13879153
13879435
13879457
13879757
13879573
13879690
13879628
13879453
13879749
13879049
13879266
13879279
13879415
13879396
13879020
13879715
13879631
13879240
13879616
13879442
13879132
13879643
13879331
13879023
13879269
13879193
13879089
13879654
13879033
13879650
13879388
13879569
13879244
13879017
13879377
13879557
13879516
13879633
13879597
13879513
13879522
13879361
13879536
13879273
13879291
13879584
13879259
13879243
13879688
13879325
13878992
13879201
13879190
13879360
13879400
13879684
13879591
13879302
13879285
13879580
13879050
13879551
13879663
13879578
13879362
13879175
13879736
13879002
13879171
13879013
13879706
13879387
13879528
13879155
13879326
13879142
13879317
13879446
13879469
13878991
13879615
13879538
13879754
13879498
13878993
13879203
13879009
13879662
13879619
13879566
13879350
13879345
13879052
13879378
13879802
13879355
13879354
13879525
13879035
13879467
13879184
13879028
13879652
13879644
13879472
13879072
13879335
13879327
13879168
13879699
13879409
13879729
13879703
13879347
13879391
13879725
13879485
13879655
13879637
13879755
13879371
13879063
13879351
13879707
13879780
13879475
13879776
13879669
13879592
13879330
13879165
13879146
13879788
13879505
13879458
13879406
13879534
13879733
13879491
13879497
13879393
13879160
13879005
13878975
13879081
13879791
13879090
13879724
13879563
13879324
13878968
13879385
13878989
13879450
13879139
13879722
13879609
13879480
13879315
13879096
13879586
13879763
13879510
13879156
13879639
13879576
13879047
13879055
13879610
13879130
13879073
13879364
13879219
13879294
13879056
13879158
13879590
13879696
13879401
13879278
13879454
13879195
13878973
13879517
13879508
13879016
13879800
13879598
13879482
13879751
13879555
13879218
13879133
13879603
13879161
13878986
13879582
13879024
13879544
13879413
13879095
13879743
13879419
13878988
13879758
13879423
13879239
13879112
13878976
13879152
13879667
13879535
13879177
13879312
13879058
13879705
13879198
13879192
13879447
13879070
13879237
13879188
13878974
13879115
13879276
13879316
13879504
13879392
13879713
13879486
13879437
13879645
13879246
13879042
13879164
13879420
13879167
13879436
13879129
13879172
13879356
13879583
13879554
13879207
13879113
13879760
13879140
13879080
13879585
13879779
13879553
13879206
13879310
13879801
13879731
13879799
13879162
13879082
13879789
13879087
13879116
13878969
13879708
13879452
13879676
13879726
13879227
13879025
13879461
13879053
13879208
13879524
13879183
13879075
13879463
13879224
13878983
13879187
13879558
13878980
13879753
13879657
13879568
13879124
13879402
13879761
13879709
13879308
13879792
13879270
13879223
13879487
13879220
13879380
13879117
13879104
13879057
13879069
13879262
13879216
13879545
13879572
13879271
13879340
13879600
13878990
13879267
13879407
13879102
13879265
13879794
13879782
13879530
13879465
13879547
13879000
13879367
13879389
13879798
13879500
13879775
13879332
13878965
13879180
13879030
13879626
13879752
13879607
13879404
13879255
13879738
13879077
13879560
13879418
13879735
13879647
13879649
13879581
13879363
13879632
13879309
13879245
13879502
13879710
13879537
13879370
13879001
13879228
13879804
13879768
13879178
13879066
13879329
13879526
13879154
13879734
13879769
13879704
13879681
13879641
13879494
13879128
13879365
13879785
13879762
13879334
13879026
13879562
13879012
13879247
13879099
13879126
13879293
13879238
13879691
13879209
13879342
13879043
13879381
13879122
13879065
13879280
13879088
13879205
13879677
13879474
13879519
13879520
13879682
13879314
13879521
13878998
13879181
13879410
13879773
13879685
13879477
13879191
13879668
13879664
13879003
13879719
13879575
13879795
13879579
13879376
13879541
13879257
13879141
13879742
13879711
13879210
13879249
13879550
13879358
13879031
13879438
13879784
13879127
13879692
13879617
13879439
13879481
13879625
13879019
13879793
13879741
13879479
13879429
13879620
13879328
13879601
13879627
13879234
13879103
13879629
13879612
13879716
13879666
13879750
13879202
13879144
13879108
13879060
13879635
13879159
13879352
13879307
13879483
13879444
13879006
13879700
13879274
13879648
13879174
13879101
13879459
13879451
13879086
13879120
13879038
13879470
13879660
13879318
13878995
13879687
13879772
